 2 4780 2174
 5 8476 3508 3853 347 8770
 3 9200 6754 3417
 6 6912 473 5651 8626 7956 8729
 4 281 8027 9796 2796
 6 4474 5171 2135 3242 2484 1714
 3 8980 6600 1797
 7 598 3300 1046 568 2882 7425 6784
 4 8418 5058 4572 6751
 3 3060 4669 8900
 7 2195 3430 6471 1910 4663 1357 5715
 9 6152 7790 8462 8189 7072 66 9823 9028 8485
 7 4694 5010 4079 1032 123 5259 6957
 5 8878 9704 9 5627 1859
 10 7883 6765 5578 7007 9214 381 8720 8113 5099 3655
 10 5233 7191 6815 184 8859 7701 1352 8996 315 3157
 5 8339 3275 1639 8798 3723
 2 1166 2656
 9 6231 3164 7598 9411 9595 1977 2216 9374 547
 7 434 8577 5568 4032 361 7069 650
 7 2106 6221 9919 4074 8140 3712 4270
 7 6819 7581 422 793 1613 9950 6159
 8 1566 1822 6280 2373 604 6662 160 2942
 10 3560 653 9790 4819 7570 4439 9715 6325 8110 1428
 8 3122 3078 9222 92 8135 5554 7600 3057
 9 6168 1996 3507 3721 3368 6526 6443 469 6465
 6 7650 174 5332 8752 2632 2907
 5 7891 3276 8030 6080 661
 4 6046 6964 7963 8275
 10 2599 6989 8558 6701 6611 1702 9597 1006 5221 7094
 8 6578 8204 58 4133 4075 8965 4287 1237
 7 3873 3746 7267 8691 2449 5184 5527
 3 7117 2021 9736
 7 1562 4137 1749 5027 8148 7303 1454
 10 1691 3610 610 5506 9035 4305 5468 3070 3800 6447
 3 750 2766 7895
 2 1344 8532
 4 7816 4383 2523 5398
 3 2846 974 2370
 3 6669 1377 8363
 10 4115 8078 5583 9669 4515 6438 6768 8054 6019 1181
 7 701 811 2916 4828 6522 9996 730
 6 2375 466 5390 8643 714 8068
 3 5637 6719 683
 10 8234 1680 8089 4992 4365 9471 7143 9749 9193 3045
 9 2847 8543 736 9286 3464 1591 3029 818 4407
 10 3503 6623 7752 7870 888 2033 5827 483 6909 1209
 3 7682 9389 1488
 8 5777 4507 6409 943 4226 8329 1376 641
 5 1134 9397 3647 7032 6932
 2 8738 9176
 6 389 3782 5116 9448 9638 5294
 7 5696 1433 219 9862 7779 5676 3397
 10 8565 1121 2802 4410 3535 7168 9026 6108 8075 6012
 10 498 9251 684 1243 8755 5808 8095 6106 5225 796
 10 9568 7894 1515 7980 8937 9762 6365 5594 121 8682
 13 7937 7397 979 2801 3318 9660 7330 6552 8035 3525 3539 8542 8409
 3 1302 4961 2498
 9 6267 2337 1525 700 9295 2702 9269 7444 5649
 5 6215 9981 8444 5275 439
 8 2524 4126 8526 1898 9935 958 8809 9265
 14 4616 4757 7116 4628 8381 7061 2331 8206 6757 6968 618 1153 5380 6833
 6 7976 1250 7105 2019 1625 8810
 6 7328 2780 1517 2006 3687 7319
 7 9601 9940 8722 4902 388 2292 5950
 4 9850 9329 4703 3024
 5 5100 4815 8529 5825 1786
 5 7245 288 8840 6510 7517
 5 6904 2362 3768 6636 7687
 5 1689 9078 9327 5426 1413
 6 6402 8778 743 9250 1955 7923
 2 8834 91
 10 6603 5241 81 9267 7237 8276 1624 4222 5582 7478
 3 5360 733 1736
 5 1802 6691 7669 4437 5285
 10 6245 457 6027 7605 739 9178 9570 2492 5231 9438
 9 8786 5262 2153 7310 5775 7200 1645 8202 1874
 8 6493 7336 7001 9877 4261 7970 6573 624
 7 8044 7566 1023 5205 2047 4337 4058
 5 9561 8295 9905 9637 6022
 7 5798 1595 8166 1701 4814 9610 6316
 5 8346 2289 9808 3228 7050
 5 5244 8471 5297 9072 9081
 4 9791 8432 6697 7582
 7 1560 2212 8569 3882 4656 6673 3120
 9 3899 3410 4520 8008 8591 4862 153 8908 5572
 4 1706 2210 6141 8555
 5 8624 780 1203 7680 226
 4 2700 3597 4297 181
 10 2265 1415 3373 7046 8191 115 2290 7659 7788 8782
 6 7257 1698 1084 1729 6131 1529
 5 2198 3907 6000 6800 3900
 10 7769 4444 5592 6145 7623 3378 9171 8136 3572 8522
 6 5896 9231 4785 5820 7271 407
 2 3140 4253
 3 6515 5640 8684
 7 3198 1772 5610 5998 2953 1930 5698
 10 2711 8833 2323 1074 6378 2645 9101 2778 9900 8959
 5 8464 7041 732 6499 8174
 5 6488 6770 7097 1402 3569
 9 6727 8877 8578 5565 9085 9521 9840 2751 3946
 4 493 4822 4591 3790
 9 6699 2239 4550 5862 8321 1475 6825 7490 4682
 6 1753 4858 7691 889 4412 2895
 7 7782 4071 1009 9466 5720 9421 3231
 2 9578 2486
 6 0 7064 8868 6589 9953 8061
 5 3701 8073 1261 1216 5728
 7 2000 3667 2260 1460 428 3377 6880
 9 7487 9416 879 5603 4215 3034 9195 8312 9205
 5 1178 4175 9708 2891 6913
 12 3968 3205 1742 5817 3568 8288 4143 1850 7520 5402 6074 9358
 6 405 3919 2755 2207 4541 4016
 9 5613 7620 1598 5487 2407 1718 1470 7542 5559
 9 8120 7253 7151 8679 135 6721 8028 6011 7521
 3 9974 2352 9530
 3 4914 76 8426
 5 78 928 6076 3668 4793
 6 9302 4577 9355 9965 1628 5305
 9 3482 5965 7120 689 2576 1156 1510 4746 6371
 13 3051 2384 9899 2747 5860 2394 4221 9664 7056 3461 6146 608 1071
 7 7674 5354 5425 1392 8735 2883 9572
 8 3297 5964 6213 5497 3740 3433 3097 8596
 8 3425 8995 330 74 2947 2502 600 7146
 5 9440 1194 8772 942 2716
 7 5482 5911 8262 8087 3253 7314 852
 9 4581 3989 9545 7290 6853 4208 2784 7717 9342
 8 4393 2183 8284 2080 680 2466 7514 2257
 4 1135 5631 4860 5494
 10 2873 6436 1063 2869 7129 8703 5660 616 4762 5054
 5 8264 7656 6070 4490 5795
 8 7279 901 4334 7702 1530 6220 1654 3154
 10 1247 8052 3090 4190 9299 5114 5034 9226 3578 491
 3 7651 4684 7048
 9 9988 9268 2298 266 4833 4546 8084 2261 9353
 2 2335 9366
 15 5467 7011 9304 1442 4144 200 6893 6460 4288 4312 2508 9009 129 9620 9962
 5 7613 1600 1390 954 844
 7 7794 90 4355 1919 5072 2488 847
 10 7183 5516 8178 5530 4019 9983 8667 5399 1478 5633
 9 1585 3926 9455 8901 1456 5479 5573 4584 6490
 7 3181 4067 2459 1631 4942 7563 9693
 5 7621 8791 7255 8664 6755
 4 6954 8813 5469 3842
 13 5014 9811 8820 5783 7800 6866 670 1453 3102 6396 7999 4269 4029
 6 1756 9939 8296 9964 6182 5618
 1 7643
 7 3575 791 3544 5428 7312 29 9452
 20 4182 6687 7060 5117 8991 9437 2525 1532 3835 2590 8413 157 7615 1240 9516 748 2831 5452 2990 7705
 8 3210 7869 465 2949 1523 8973 8393 9423
 5 7526 2320 4579 6734 5995
 7 9589 2583 1465 1306 1120 9493 6583
 7 6826 4306 4056 1129 573 2170 6271
 12 7475 7513 3427 4293 2842 3928 759 104 8302 6431 638 8225
 3 8586 8463 2499
 3 5433 883 8748
 7 7679 408 2184 3747 1606 17 2291
 5 4662 7873 2798 3869 1578
 10 3860 7950 2014 8982 2312 1356 6196 8408 2667 9748
 4 4917 7692 9125 4731
 11 1938 854 397 7374 6138 1589 673 2972 9875 3089 2366
 4 5542 1787 5625 614
 6 8906 9640 9989 6388 649 7618
 6 659 3348 4566 8955 5386 5280
 12 138 4716 9186 1292 3416 8942 8707 1366 4894 9142 1514 6377
 8 6392 2351 4259 7361 4882 5394 5295 6608
 5 1770 4090 3002 4155 5870
 8 6615 2542 594 7554 7476 148 9432 5970
 9 8404 9131 4046 9454 7393 1215 1873 2871 3906
 7 4996 5102 4724 3637 4157 4776 2837
 12 2563 766 3534 2418 6516 9241 8215 4723 3204 959 651 480
 4 1679 1416 5101 7602
 3 9735 8563 2726
 10 862 1130 4632 7748 4375 3686 4438 595 401 4556
 6 6864 3951 5067 9297 5722 3224
 8 8977 7986 9489 5429 8825 2787 9062 3601
 7 2182 416 150 7945 579 6517 2067
 8 9104 6049 6167 9598 4934 6126 6986 9991
 7 4027 5389 5061 3788 6619 4936 3796
 7 3681 8927 1051 893 161 3806 8674
 4 2887 310 9024 211
 8 3592 3278 8910 7406 4938 2044 9564 8921
 9 7148 8134 6177 141 237 1661 947 1811 5569
 4 3545 7942 1391 5920
 7 1734 3579 443 1151 6174 4448 8749
 12 3856 5461 3346 9467 3794 4713 6315 7023 5641 1981 7741 8640
 8 6459 8488 4031 6098 2551 5776 4319 9170
 3 5370 4980 9661
 7 6032 2506 7607 8458 5689 2951 9579
 4 6935 7282 6238 72
 8 9520 3680 7876 6345 2564 4451 6293 4798
 6 2297 8590 3518 5704 4930 1905
 12 7042 9165 4076 2774 4431 8222 7443 914 9399 6801 5849 2925
 11 8267 7173 1549 2520 6006 9551 8313 7398 4142 5437 1731
 7 3709 3235 7329 9754 3146 6224 7248
 7 7777 5053 7661 5701 6418 6290 542
 2 5533 6582
 6 1994 5073 2886 6783 578 870
 9 3169 9202 7349 541 117 2680 5420 5616 8771
 9 5555 5742 1248 2068 715 5438 3343 856 7817
 11 3216 2648 9484 7572 2009 2826 3400 853 3413 5575 9505
 4 3147 9311 4218 235
 6 8143 9540 7450 4482 7100 127
 5 1014 7331 9769 1726 6886
 4 5192 7355 4899 5754
 5 5557 5545 8933 456 6652
 9 6150 512 5662 3600 8763 1974 3493 3734 5729
 5 1191 1282 4272 3850 9656
 11 3693 128 3707 4153 8721 8534 985 1296 346 9331 4962
 7 6519 5916 3923 9040 7964 3217 6059
 13 395 548 5298 2194 3018 4146 1225 2087 672 1432 7583 240 4502
 4 1109 4946 4998 6496
 7 5967 2037 1326 5434 3129 8156 9018
 5 8728 2704 8221 4623 2650
 5 1143 1152 4386 1290 5242
 4 1505 8273 2966 164
 7 5653 9236 4926 5419 7140 2911 8548
 7 6980 8890 6410 1803 4150 5515 3279
 2 5585 8765
 4 9632 194 2132 9923
 7 873 987 1020 322 1201 2856 1967
 8 7436 9909 3192 1493 1034 7027 2988 3940
 3 4529 9190 8855
 6 964 580 3935 6631 7997 8151
 2 3369 1518
 4 1196 8014 5872 6513
 8 3827 1238 2325 6110 9511 9911 2543 4411
 8 7213 639 5622 2445 8822 6568 1078 7454
 9 6197 4500 2148 7388 1114 9852 4781 4920 1527
 8 6812 1577 9635 3320 471 4595 8940 1834
 12 6361 8251 9689 5000 4340 9611 151 8405 809 5864 4699 953
 8 4119 1818 4976 1138 5925 4036 3688 7595
 5 1038 837 9907 7013 3355
 5 6764 4831 7000 4440 2926
 6 2772 8183 1339 3905 4262 5789
 13 3353 8579 1066 9884 3331 7845 1293 6872 2833 6119 296 2105 2349
 4 3479 669 6048 9472
 7 1365 5934 8026 338 6411 3271 7836
 12 3126 8365 4864 8894 8231 7809 7962 7499 5300 3478 978 5196
 11 1764 5041 2649 2841 3565 412 270 5737 5363 1851 9403
 4 1229 6616 3663 9697
 5 2313 9495 1180 5787 3580
 6 4611 8500 1904 4145 5802 2862
 5 5846 5971 9377 2160 9786
 5 1763 4508 458 5824 5002
 6 6785 5307 1507 255 3068 566
 3 5245 7225 631
 14 2 7022 7872 3234 6809 2970 6403 3085 3142 3965 9225 5805 172 3092
 8 1067 8263 4193 8007 2118 2669 1762 8037
 6 3075 675 5170 9066 3354 9542
 4 6979 1262 1640 6938
 6 1779 3762 1182 2382 5458 2786
 4 2036 3269 349 3542
 8 5195 7026 3273 8571 3749 9357 6569 455
 10 2279 3625 1007 729 8283 1571 5078 7067 8473 4274
 12 1359 2971 6500 1630 7053 4604 4206 5449 6838 2959 8317 8945
 6 8511 584 3641 9323 2172 9071
 4 7006 676 9817 8573
 3 2921 3651 1018
 3 3982 8335 8228
 10 4574 3114 9864 2613 2389 657 2443 3521 262 9894
 2 2922 3706
 8 8424 8872 9338 6467 195 7287 9705 8416
 14 7014 2201 9394 6473 6711 3313 4316 8279 5718 8233 1703 9722 1449 5928
 10 420 1620 4292 1459 8341 2593 8785 8789 3758 3826
 5 1165 3890 2070 7879 7302
 5 5601 2924 1754 3862 5178
 8 9732 8130 3259 8391 7400 1755 1372 5591
 2 5266 2610
 5 249 1761 2208 7055 9948
 8 3505 69 6876 6354 1458 8254 5816 6008
 6 6210 140 198 8101 6116 9539
 7 7606 5345 1917 3054 8601 3594 7736
 3 2048 7470 6320
 2 5876 5172
 10 6720 2811 7276 5485 5788 9834 8010 6899 7713 7885
 4 5209 776 4811 8195
 1 9861
 7 7662 9157 4152 3644 2595 4792 1027
 3 4652 2589 7118
 2 5156 502
 6 9391 7102 7437 5672 4775 5953
 8 690 4341 1128 5393 4932 6066 7192 8743
 6 9475 2771 3382 8650 7167 9122
 13 1492 1675 1735 4874 5146 7172 1652 176 7666 1375 7730 20 103
 7 9461 801 1619 9663 1513 2844 1369
 7 9079 4350 8528 8260 2100 475 6383
 4 9629 7902 3970 8784
 3 9951 3713 464
 13 3765 3903 6275 6922 3741 3481 1849 7941 1952 9091 7725 9124 9615
 9 2652 147 6606 5579 4614 6953 5098 9335 9978
 15 3027 1417 4627 8641 1427 5249 8115 5943 5652 6802 7585 9450 8510 3351 3760
 9 1826 7324 9155 7449 1767 9548 5219 5982 8197
 6 5963 3817 603 3793 6254 2537
 4 6261 1547 9673 1164
 1 2586
 11 6671 8657 1053 8518 3246 2967 4686 5888 4000 4196 5774
 9 800 4140 6705 9332 9588 4207 4618 894 574
 4 760 6572 2955 1705
 7 4466 9434 5026 4982 2454 6534 3074
 4 167 8417 2040 6083
 11 9139 7185 1854 8004 5763 3463 6512 7095 9819 1287 6737
 12 1059 1575 7163 83 3484 6948 1892 755 6314 9004 6415 6830
 3 2757 3577 8633
 11 2992 5863 5670 8581 3785 3110 8106 7673 3395 4973 4512
 7 4398 5130 3304 4179 3789 2641 2567
 5 3229 7706 8047 4578 2448
 4 5492 2071 413 4531
 5 4974 4753 8611 9083 3406
 8 6845 4677 8483 8013 9703 2827 4429 4254
 7 4025 8274 3137 6400 7762 1335 8731
 14 5349 5151 6822 851 8466 7532 5782 5962 9560 3255 7 2553 4326 2249
 8 5097 9506 61 9891 9915 6244 8304 2347
 3 6296 5191 8550
 7 8726 4806 3752 2812 2885 9134 4585
 8 7115 6753 8796 2692 3296 7933 8962 4908
 11 6597 9406 9012 8294 1221 6104 1656 9920 8287 442 7107
 8 4904 2417 7351 6676 5327 529 4570 912
 2 2234 5206
 8 7268 6837 9276 8208 9532 668 9486 6266
 11 9772 4953 2989 8939 5417 9002 4109 2602 6987 5337 9045
 7 5436 792 5071 1971 5346 2865 9001
 5 7381 513 5727 7354 7972
 5 9219 4948 5464 3173 3101
 11 816 5031 5400 9067 7645 7247 5581 1886 7403 3357 25
 14 5703 5886 6681 949 4788 9356 8435 4596 2112 6774 8323 787 9698 5375
 4 3983 4167 169 3421
 8 4214 9380 8122 3364 1286 8340 5089 5521
 3 9756 6336 1684
 4 4967 3277 9712 2938
 5 1217 9851 8042 6591 3566
 6 2682 3751 8457 410 9474 6442
 4 6151 9726 7208 7827
 8 7988 7390 6708 8956 6811 7103 6071 6823
 7 2642 3678 7504 5549 1615 3901 6974
 9 5254 2205 4622 4630 8876 5688 4606 5985 8895
 5 7047 7720 2129 5611 8062
 3 1574 3877 6081
 6 4909 7773 5596 3284 8512 9801
 5 5057 4413 3095 6601 1989
 5 1210 6749 6714 4800 4680
 9 6664 7244 1526 292 3290 1733 7497 5615 7593
 7 2813 2920 4782 907 7739 8252 5180
 6 9435 1660 3494 7560 8935 5548
 3 2458 1159 767
 6 5944 6427 8600 3345 5432 1991
 4 546 4564 3237 9866
 2 3042 532
 8 3636 4524 5781 5063 5306 3178 2978 6169
 14 68 2169 7203 1521 9780 3321 965 7044 9419 1582 7137 4176 2987 341
